version 3
run General-0-20250427-20:11:30-151768
attr configname General
attr datetime 20250427-20:11:30
attr datetimef 20250427-201130
attr experiment General
attr inifile omnetpp.ini
attr iterationvars ""
attr iterationvarsd ""
attr iterationvarsf ""
attr measurement ""
attr network Network
attr processid 151768
attr repetition 0
attr replication #0
attr resultdir results
attr runnumber 0
attr seedset 0
config network Network
config sim-time-limit 200s
config Network.nodeTx.gen.generationInterval exponential(0.5)
config Network.nodeTx.gen.packetByteSize 12500
config Network.queue.bufferSize 200
config Network.nodeRx.queue.bufferSize 200
config Network.nodeTx.queue.bufferSize 2000000

vector 0 Network.nodeTx.queue BufferSize ETV
vector 1 Network.queue BufferSize ETV
vector 2 Network.nodeRx.queue BufferSize ETV
vector 3 Network.nodeRx.sink Delay ETV
0	2	0.397937252283	1
0	13	0.847217446525	1
0	24	1.475182825549	1
0	35	2.404984931586	1
0	46	2.866596497321	1
0	57	3.842369165263	1
0	66	4.235969735254	1
0	79	5.175451762355	1
0	85	5.45097600569	1
0	101	5.939479218887	1
0	112	6.458558869219	1
0	118	6.70112295108	1
0	129	6.988882549521	1
0	140	7.16546211909	1
0	155	8.277224330108	1
0	158	8.306416664655	1
0	175	9.963872804619	1
0	181	10.12305087504	1
0	191	10.364851927514	1
0	205	10.689575101639	1
0	218	11.474023160451	1
0	229	12.310128760613	1
0	238	12.686465817269	1
0	249	13.01340710088	1
0	262	13.43312352733	1
0	268	13.682559531838	1
0	284	14.981686574762	1
0	295	15.885871206899	1
0	298	15.922713884632	1
0	305	16.128502882753	1
0	308	16.174083395815	1
0	329	16.696389649969	1
0	332	16.706602444169	1
0	344	16.936226512797	1
0	364	17.829970344516	1
0	375	19.405055308854	1
0	386	20.157947438173	1
0	389	20.233562865005	1
0	406	21.253719993976	1
0	417	22.274166101932	1
0	428	24.196777036503	1
0	437	24.517631622842	1
0	450	25.320251401373	1
0	461	26.127252438819	1
0	470	26.436717168632	1
0	481	26.804199379227	1
0	494	27.562467366222	1
0	505	28.130436837077	1
0	508	28.193374041796	1
0	525	28.830987892908	1
0	536	29.341703830083	1
0	547	29.777864427604	1
0	550	29.855229267854	1
0	562	30.240646597088	1
0	578	31.687856836082	1
0	589	32.398539176129	1
0	598	32.767452822007	1
0	603	32.823425902323	1
0	613	33.091208762437	1
0	625	33.412056113453	1
0	634	33.565696289529	1
0	641	33.668797930544	1
0	661	34.41292534342	1
0	672	35.080570435732	1
0	681	35.385111647324	1
0	689	35.507135892692	1
0	702	35.927303245498	1
0	707	35.999942259144	1
0	709	36.009426543745	2
0	716	36.205311949083	1
0	735	36.686002418616	1
0	740	36.767070663339	1
0	759	37.240569001926	1
0	767	37.366289967963	1
0	782	37.846063956647	1
0	788	38.090342481301	1
0	804	39.52929999194	1
0	815	40.693756679047	1
0	826	41.266326156397	1
0	832	41.565199194806	1
0	843	41.787958442332	1
0	859	42.26270573408	1
0	865	42.549971937451	1
0	881	43.713147468298	1
0	892	44.311201368027	1
0	895	44.363481980915	1
0	897	44.394539626148	2
0	921	46.144646468375	1
0	932	46.69410270215	1
0	943	47.223519767894	1
0	954	47.778818490738	1
0	957	47.872531523747	1
0	964	47.990634876788	1
0	974	48.212336891098	1
0	980	48.281351235312	1
0	1001	48.975872580208	1
0	1009	49.165353562349	1
0	1024	49.633384342235	1
0	1030	49.859435372347	1
0	1041	50.055991650999	1
0	1056	50.478205547763	1
0	1059	50.49779712597	1
0	1069	50.786459281373	1
0	1086	51.289394783956	1
0	1097	53.516643207044	1
0	1108	55.113116528071	1
0	1111	55.166934082149	1
0	1126	55.695847288825	1
0	1134	55.812998048213	1
0	1149	56.317007670923	1
0	1152	56.404964443636	1
0	1169	59.085014618758	1
0	1180	59.614385976305	1
0	1191	60.050343903118	1
0	1197	60.196384169752	1
0	1207	60.463916508294	1
0	1221	60.77788729879	1
0	1232	61.099777799591	1
0	1240	61.23991630383	1
0	1255	61.728348340865	1
0	1258	61.814912068938	1
0	1265	62.021162683899	1
0	1271	62.079640388795	1
0	1292	62.641224539562	1
0	1305	63.175260638137	1
0	1311	63.366038559824	1
0	1314	63.44039469445	1
0	1335	64.193712361086	1
0	1341	64.30315265934	1
0	1356	65.796747605266	1
0	1362	66.026754584136	1
0	1378	66.569889274575	1
0	1389	67.430055103433	1
0	1392	67.436887392648	1
0	1394	67.48795983341	2
0	1411	67.975510800488	1
0	1428	68.88542026013	1
0	1439	69.445327443007	1
0	1442	69.495844830661	1
0	1459	71.282639016833	1
0	1470	73.157154746625	1
0	1481	74.209815397021	1
0	1490	74.525983695219	1
0	1501	74.882275491886	1
0	1514	76.763239134138	1
0	1517	76.79190259735	1
0	1529	77.256141845801	1
0	1540	77.556115289122	1
0	1556	78.228237925198	1
0	1559	78.238332989271	1
0	1561	78.2583211388	2
0	1573	78.549760333233	1
0	1580	78.715965453715	1
0	1605	80.661750515138	1
0	1608	80.725778897794	1
0	1615	80.948488628754	1
0	1625	81.124076673445	1
0	1638	81.451899815627	1
0	1643	81.51509413384	1
0	1664	82.098530897114	1
0	1670	82.289881371545	1
0	1685	83.351999970046	1
0	1691	83.619442157924	1
0	1707	84.871398049467	1
0	1710	84.904546750208	1
0	1715	85.026744474249	1
0	1734	85.616339237782	1
0	1747	86.032760995815	1
0	1758	86.4508097618	1
0	1769	87.452430023054	1
0	1775	87.606637443103	1
0	1788	87.962261411712	1
0	1799	88.332640886936	1
0	1812	89.575432065424	1
0	1815	89.624757219633	1
0	1832	90.894909473612	1
0	1843	91.323857294149	1
0	1846	91.367242535319	1
0	1863	92.691870499657	1
0	1869	92.854540707422	1
0	1877	93.046320814471	1
0	1880	93.051021189803	1
0	1901	93.601444144848	1
0	1914	94.525107970349	1
0	1917	94.595773327129	1
0	1932	95.116663654219	1
0	1945	95.746630559273	1
0	1956	96.667271795017	1
0	1962	96.83809887853	1
0	1970	96.991857740411	1
0	1977	97.093032959695	1
0	1987	97.346633021323	1
0	2005	97.788197542303	1
0	2018	98.190596242204	1
0	2021	98.200752471602	1
0	2026	98.290878597594	1
0	2047	99.173749133801	1
0	2053	99.404614581823	1
0	2056	99.406967852069	1
0	2061	99.486138605184	2
0	2082	100.05245567617	1
0	2098	100.473997192244	1
0	2104	100.631358022671	1
0	2119	101.239612349389	1
0	2130	101.903991286264	1
0	2136	102.074164655382	1
0	2151	103.711736244239	1
0	2157	103.995688320979	1
0	2168	104.138698807233	1
0	2183	104.84421101188	1
0	2194	105.273407495794	1
0	2200	105.525579399088	1
0	2216	105.973874834481	1
0	2227	107.105741622411	1
0	2238	107.530352028193	1
0	2249	108.039681393202	1
0	2255	108.165891389648	1
0	2270	109.276644838885	1
0	2281	110.802785667327	1
0	2292	111.372589649093	1
0	2298	111.668901662819	1
0	2309	111.967091359984	1
0	2325	112.903821299913	1
0	2336	114.825324591535	1
0	2347	115.426443875158	1
0	2350	115.488207198839	1
0	2357	115.664717265476	1
0	2377	116.393126544758	1
0	2388	117.233587647031	1
0	2394	117.498948895339	1
0	2405	117.751458269216	1
0	2421	118.314099277638	1
0	2432	119.378848975672	1
0	2438	119.522554213707	1
0	2451	119.95782212687	1
0	2459	120.145691548073	1
0	2474	121.213106773065	1
0	2485	122.895291999591	1
0	2496	123.484983466413	1
0	2507	123.928914171631	1
0	2518	124.574868806031	1
0	2529	125.113786248099	1
0	2538	125.461685978549	1
0	2549	125.842619864197	1
0	2562	127.405354043026	1
0	2568	127.536382663864	1
0	2583	128.052781169187	1
0	2589	128.303936568317	1
0	2600	128.579634563384	1
0	2616	129.061861346131	1
0	2627	129.528062786334	1
0	2636	129.850115140495	1
0	2639	129.859805031169	1
0	2651	130.177368888984	1
0	2661	130.356832496919	1
0	2678	130.986354255551	1
0	2689	131.526014354879	1
0	2695	131.69584672117	1
0	2703	131.867146533519	1
0	2713	132.108964376814	1
0	2730	132.5901519047	1
0	2741	133.281641507968	1
0	2747	133.561622043005	1
0	2763	134.61534584548	1
0	2766	134.688132834704	1
0	2771	134.742406383951	1
0	2780	134.919518450074	1
0	2783	134.967979827362	1
0	2799	135.389924063657	1
0	2809	135.608438070544	1
0	2826	136.055302609697	1
0	2842	136.456578602576	1
0	2853	136.883618470398	1
0	2856	136.900720179577	1
0	2871	137.430224872268	1
0	2884	139.166492611909	1
0	2895	139.694417416239	1
0	2901	139.887982462314	1
0	2911	140.170287712874	1
0	2922	140.295328460363	1
0	2937	141.429645456709	1
0	2940	141.505792269336	1
0	2950	141.734878711315	1
0	2953	141.786039018741	1
0	2966	142.072269794455	1
0	2986	144.14117467471	1
0	2997	145.253632003323	1
0	3003	145.404414959935	1
0	3018	146.224863748898	1
0	3027	146.609902178671	1
0	3040	147.21841192634	1
0	3046	147.515448675502	1
0	3052	147.568254997316	1
0	3059	147.620695915116	1
0	3080	148.880336980158	1
0	3086	149.09750980813	1
0	3102	149.723813570586	1
0	3111	150.040544879447	1
0	3124	153.423240139416	1
0	3135	154.343106531955	1
0	3138	154.424041575311	1
0	3155	155.599130220186	1
0	3166	156.612084628738	1
0	3169	156.63122608518	1
0	3174	156.719888872753	1
0	3185	157.074847836365	1
0	3203	157.552831048326	1
0	3208	157.644100349267	1
0	3213	157.710192204074	1
0	3234	158.465103931879	1
0	3245	159.407068375172	1
0	3256	160.408061622935	1
0	3267	161.231421173598	1
0	3273	161.496422612666	1
0	3289	161.917363093532	1
0	3292	161.992758598629	1
0	3302	162.254193613673	1
0	3305	162.271087006449	1
0	3307	162.306924698605	2
0	3337	164.331848118007	1
0	3348	164.929567401148	1
0	3354	165.163203684353	1
0	3368	165.465353220277	1
0	3376	165.737781784349	1
0	3392	166.377948886255	1
0	3395	166.403905162346	1
0	3412	167.410291530449	1
0	3418	167.637747452845	1
0	3434	169.492727748797	1
0	3437	169.501111631793	1
0	3454	170.469400250539	1
0	3460	170.600564905122	1
0	3463	170.606456521081	1
0	3484	171.330353562075	1
0	3490	171.553479972335	1
0	3506	172.995785848386	1
0	3517	173.650435030397	1
0	3528	174.343580706408	1
0	3531	174.437728194018	1
0	3541	174.645034465348	1
0	3553	175.013100015341	1
0	3567	175.349330273758	1
0	3570	175.377265300202	1
0	3579	175.584254761538	1
0	3587	175.695824365588	1
0	3592	175.794739119318	1
0	3596	175.804086854528	1
0	3603	175.897846330129	1
0	3629	176.687052691182	1
0	3641	176.998351363171	1
0	3650	177.125104215743	1
0	3667	178.163119745964	1
0	3673	178.374948296642	1
0	3689	179.817220440845	1
0	3700	181.133329872119	1
0	3711	181.601899230981	1
0	3722	182.211297632653	1
0	3733	182.665279646315	1
0	3736	182.681458048638	1
0	3753	183.446873661772	1
0	3756	183.536852332548	1
0	3768	183.883452217317	1
0	3784	184.369193296364	1
0	3787	184.395034749262	1
0	3799	184.825496567602	1
0	3815	185.425982020873	1
0	3821	185.561816056044	1
0	3836	188.001382500041	1
0	3847	189.362056627997	1
0	3853	189.517540530482	1
0	3868	189.993455384253	1
0	3879	190.561753631882	1
0	3888	190.945293459168	1
0	3901	191.943879442913	1
0	3912	192.389568731368	1
0	3923	193.084407263256	1
0	3934	193.739299948937	1
0	3945	195.408267115864	1
0	3951	195.595210363816	1
0	3964	195.999200390516	1
0	3972	196.253132951859	1
0	3981	196.372509388283	1
0	3988	196.490271674992	1
0	3996	196.616070981548	1
0	4003	196.71908700579	1
0	4011	196.842516640189	1
0	4038	198.287054436138	1
0	4049	198.708543823845	1
0	4060	199.381217540462	1
0	4069	199.682057033724	1
1	5	0.498037252283	1
1	16	0.947317446525	1
1	27	1.575282825549	1
1	38	2.505084931586	1
1	49	2.966696497321	1
1	60	3.942469165263	1
1	71	4.336069735254	1
1	82	5.275551762355	1
1	91	5.55107600569	1
1	104	6.039579218887	1
1	115	6.558658869219	1
1	124	6.80122295108	1
1	135	7.088982549521	1
1	143	7.26556211909	1
1	160	8.377324330108	1
1	163	8.477324330108	1
1	178	10.063972804619	1
1	184	10.22315087504	1
1	197	10.464951927514	1
1	210	10.789675101639	1
1	221	11.574123160451	1
1	232	12.410228760613	1
1	243	12.786565817269	1
1	254	13.11350710088	1
1	265	13.53322352733	1
1	274	13.782659531838	1
1	287	15.081786574762	1
1	300	15.985971206899	1
1	303	16.085971206899	1
1	313	16.228602882753	1
1	317	16.328602882753	2
1	337	16.796489649969	1
1	342	16.896489649969	1
1	350	17.036326512797	1
1	367	17.930070344516	1
1	378	19.505155308854	1
1	391	20.258047438173	1
1	394	20.358047438173	1
1	409	21.353819993976	1
1	420	22.374266101932	1
1	431	24.296877036503	1
1	442	24.617731622842	1
1	453	25.420351401373	1
1	464	26.227352438819	1
1	475	26.536817168632	1
1	486	26.904299379227	1
1	497	27.662567366222	1
1	510	28.230536837077	1
1	513	28.330536837077	1
1	528	28.931087892908	1
1	539	29.441803830083	1
1	552	29.877964427604	1
1	555	29.977964427604	1
1	568	30.340746597088	1
1	581	31.787956836082	1
1	592	32.498639176129	1
1	605	32.867552822007	1
1	608	32.967552822007	1
1	618	33.191308762437	1
1	631	33.512156113453	1
1	639	33.665796289529	1
1	647	33.768897930544	1
1	664	34.51302534342	1
1	675	35.180670435732	1
1	686	35.485211647324	1
1	692	35.607235892692	1
1	711	36.027403245498	1
1	714	36.127403245498	1
1	719	36.227403245498	1
1	723	36.327403245498	2
1	742	36.786102418616	1
1	747	36.886102418616	1
1	764	37.340669001926	1
1	770	37.466389967963	1
1	785	37.946163956647	1
1	794	38.190442481301	1
1	807	39.62939999194	1
1	818	40.793856679047	1
1	829	41.366426156397	1
1	838	41.665299194806	1
1	849	41.888058442332	1
1	862	42.36280573408	1
1	871	42.650071937451	1
1	884	43.813247468298	1
1	899	44.411301368027	1
1	902	44.511301368027	1
1	905	44.611301368027	1
1	924	46.244746468375	1
1	935	46.79420270215	1
1	946	47.323619767894	1
1	959	47.878918490738	1
1	962	47.978918490738	1
1	970	48.090734876788	1
1	982	48.312436891098	1
1	986	48.412436891098	2
1	1006	49.075972580208	1
1	1012	49.265453562349	1
1	1027	49.733484342235	1
1	1036	49.959535372347	1
1	1044	50.156091650999	1
1	1061	50.578305547763	1
1	1064	50.678305547763	1
1	1074	50.886559281373	1
1	1089	51.389494783956	1
1	1100	53.616743207044	1
1	1113	55.213216528071	1
1	1116	55.313216528071	1
1	1131	55.795947288825	1
1	1137	55.913098048213	1
1	1154	56.417107670923	1
1	1157	56.517107670923	1
1	1172	59.185114618758	1
1	1183	59.714485976305	1
1	1194	60.150443903118	1
1	1200	60.296484169752	1
1	1213	60.564016508294	1
1	1226	60.87798729879	1
1	1237	61.199877799591	1
1	1243	61.34001630383	1
1	1260	61.828448340865	1
1	1263	61.928448340865	1
1	1273	62.121262683899	1
1	1277	62.221262683899	2
1	1297	62.741324539562	1
1	1308	63.275360638137	1
1	1316	63.466138559824	1
1	1321	63.566138559824	1
1	1338	64.293812361086	1
1	1344	64.40325265934	1
1	1359	65.896847605266	1
1	1368	66.126854584136	1
1	1381	66.669989274575	1
1	1396	67.530155103433	1
1	1399	67.630155103433	1
1	1402	67.730155103433	1
1	1416	68.075610800488	1
1	1431	68.98552026013	1
1	1444	69.545427443007	1
1	1447	69.645427443007	1
1	1462	71.382739016833	1
1	1473	73.257254746625	1
1	1484	74.309915397021	1
1	1495	74.626083695219	1
1	1506	74.982375491886	1
1	1519	76.863339134138	1
1	1522	76.963339134138	1
1	1535	77.356241845801	1
1	1546	77.656215289122	1
1	1563	78.328337925198	1
1	1566	78.428337925198	1
1	1569	78.528337925198	1
1	1578	78.649860333233	2
1	1586	78.816065453715	2
1	1610	80.761850515138	1
1	1613	80.861850515138	1
1	1621	81.048588628754	1
1	1631	81.224176673445	1
1	1645	81.551999815627	1
1	1650	81.651999815627	1
1	1667	82.198630897114	1
1	1673	82.389981371545	1
1	1688	83.452099970046	1
1	1697	83.719542157924	1
1	1712	84.971498049467	1
1	1717	85.071498049467	1
1	1720	85.171498049467	1
1	1739	85.716439237782	1
1	1750	86.132860995815	1
1	1761	86.5509097618	1
1	1772	87.552530023054	1
1	1778	87.706737443103	1
1	1793	88.062361411712	1
1	1804	88.432740886936	1
1	1817	89.675532065424	1
1	1820	89.775532065424	1
1	1835	90.995009473612	1
1	1848	91.423957294149	1
1	1851	91.523957294149	1
1	1866	92.791970499657	1
1	1872	92.954640707422	1
1	1884	93.146420814471	1
1	1889	93.246420814471	1
1	1906	93.701544144848	1
1	1919	94.625207970349	1
1	1922	94.725207970349	1
1	1937	95.216763654219	1
1	1948	95.846730559273	1
1	1959	96.767371795017	1
1	1965	96.93819887853	1
1	1975	97.091957740411	1
1	1983	97.193132959695	1
1	1993	97.446733021323	1
1	2010	97.888297542303	1
1	2023	98.290696242204	1
1	2028	98.390696242204	1
1	2031	98.490696242204	1
1	2050	99.273849133801	1
1	2063	99.504714581823	1
1	2068	99.604714581823	1
1	2071	99.704714581823	1
1	2088	100.15255567617	1
1	2101	100.574097192244	1
1	2107	100.731458022671	1
1	2122	101.339712349389	1
1	2133	102.004091286264	1
1	2139	102.174264655382	1
1	2154	103.811836244239	1
1	2163	104.095788320979	1
1	2171	104.238798807233	1
1	2186	104.94431101188	1
1	2197	105.373507495794	1
1	2206	105.625679399088	1
1	2219	106.073974834481	1
1	2230	107.205841622411	1
1	2241	107.630452028193	1
1	2252	108.139781393202	1
1	2258	108.265991389648	1
1	2273	109.376744838885	1
1	2284	110.902885667327	1
1	2295	111.472689649093	1
1	2304	111.769001662819	1
1	2315	112.067191359984	1
1	2328	113.003921299913	1
1	2339	114.925424591535	1
1	2352	115.526543875158	1
1	2355	115.626543875158	1
1	2363	115.764817265476	1
1	2380	116.493226544758	1
1	2391	117.333687647031	1
1	2400	117.599048895339	1
1	2411	117.851558269216	1
1	2424	118.414199277638	1
1	2435	119.478948975672	1
1	2441	119.622654213707	1
1	2456	120.05792212687	1
1	2462	120.245791548073	1
1	2477	121.313206773065	1
1	2488	122.995391999591	1
1	2499	123.585083466413	1
1	2510	124.029014171631	1
1	2521	124.674968806031	1
1	2532	125.213886248099	1
1	2543	125.561785978549	1
1	2554	125.942719864197	1
1	2565	127.505454043026	1
1	2571	127.636482663864	1
1	2586	128.152881169187	1
1	2595	128.404036568317	1
1	2606	128.679734563384	1
1	2619	129.161961346131	1
1	2630	129.628162786334	1
1	2643	129.950215140495	1
1	2646	130.050215140495	1
1	2656	130.277468888984	1
1	2666	130.456932496919	1
1	2681	131.086454255551	1
1	2692	131.626114354879	1
1	2698	131.79594672117	1
1	2708	131.967246533519	1
1	2718	132.209064376814	1
1	2733	132.6902519047	1
1	2744	133.381741507968	1
1	2753	133.661722043005	1
1	2768	134.71544584548	1
1	2773	134.81544584548	1
1	2776	134.91544584548	1
1	2787	135.019618450074	2
1	2792	135.119618450074	2
1	2804	135.490024063657	2
1	2814	135.708538070544	2
1	2832	136.155402609697	1
1	2845	136.556678602576	1
1	2858	136.983718470398	1
1	2861	137.083718470398	1
1	2876	137.530324872268	1
1	2887	139.266592611909	1
1	2898	139.794517416239	1
1	2904	139.988082462314	1
1	2917	140.270387712874	1
1	2925	140.395428460363	1
1	2942	141.529745456709	1
1	2945	141.629745456709	1
1	2957	141.834978711315	1
1	2962	141.934978711315	1
1	2972	142.172369794455	1
1	2989	144.24127467471	1
1	3000	145.353732003323	1
1	3006	145.504514959935	1
1	3021	146.324963748898	1
1	3032	146.710002178671	1
1	3043	147.31851192634	1
1	3054	147.615548675502	1
1	3061	147.715548675502	1
1	3064	147.815548675502	1
1	3083	148.980436980158	1
1	3092	149.19760980813	1
1	3105	149.823913570586	1
1	3116	150.140644879447	1
1	3127	153.523340139416	1
1	3140	154.443206531955	1
1	3143	154.543206531955	1
1	3158	155.699230220186	1
1	3171	156.712184628738	1
1	3176	156.812184628738	1
1	3179	156.912184628738	1
1	3191	157.174947836365	1
1	3210	157.652931048326	1
1	3215	157.752931048326	1
1	3218	157.852931048326	1
1	3237	158.565203931879	1
1	3248	159.507168375172	1
1	3259	160.508161622935	1
1	3270	161.331521173598	1
1	3279	161.596522612666	1
1	3294	162.017463093532	1
1	3297	162.117463093532	1
1	3311	162.354293613673	1
1	3316	162.454293613673	1
1	3320	162.554293613673	2
1	3340	164.431948118007	1
1	3351	165.029667401148	1
1	3360	165.263303684353	1
1	3373	165.565453220277	1
1	3382	165.837881784349	1
1	3397	166.478048886255	1
1	3400	166.578048886255	1
1	3415	167.510391530449	1
1	3424	167.737847452845	1
1	3439	169.592827748797	1
1	3442	169.692827748797	1
1	3457	170.569500250539	1
1	3465	170.700664905122	1
1	3470	170.800664905122	1
1	3487	171.430453562075	1
1	3496	171.653579972335	1
1	3509	173.095885848386	1
1	3520	173.750535030397	1
1	3533	174.443680706408	1
1	3536	174.543680706408	1
1	3546	174.745134465348	1
1	3559	175.113200015341	1
1	3574	175.449430273758	1
1	3577	175.549430273758	1
1	3585	175.684354761538	1
1	3594	175.795924365588	2
1	3601	175.895924365588	2
1	3607	175.995924365588	3
1	3612	176.095924365588	3
1	3634	176.787152691182	1
1	3647	177.098451363171	1
1	3655	177.225204215743	1
1	3670	178.263219745964	1
1	3679	178.475048296642	1
1	3692	179.917320440845	1
1	3703	181.233429872119	1
1	3714	181.701999230981	1
1	3725	182.311397632653	1
1	3738	182.765379646315	1
1	3741	182.865379646315	1
1	3758	183.546973661772	1
1	3761	183.646973661772	1
1	3774	183.983552217317	1
1	3789	184.469293296364	1
1	3792	184.569293296364	1
1	3805	184.925596567602	1
1	3818	185.526082020873	1
1	3824	185.661916056044	1
1	3839	188.101482500041	1
1	3850	189.462156627997	1
1	3856	189.617640530482	1
1	3871	190.093555384253	1
1	3882	190.661853631882	1
1	3893	191.045393459168	1
1	3904	192.043979442913	1
1	3915	192.489668731368	1
1	3926	193.184507263256	1
1	3937	193.839399948937	1
1	3948	195.508367115864	1
1	3954	195.695310363816	1
1	3969	196.099300390516	1
1	3978	196.353232951859	1
1	3986	196.472609388283	1
1	3994	196.590371674992	1
1	4001	196.716170981548	2
1	4009	196.81918700579	2
1	4016	196.942616640189	3
1	4041	198.387154436138	1
1	4052	198.808643823845	1
1	4063	199.481317540462	1
1	4074	199.782157033724	1
2	8	0.698137252283	1
2	19	1.147417446525	1
2	30	1.775382825549	1
2	41	2.705184931586	1
2	52	3.166796497321	1
2	63	4.142569165263	1
2	74	4.536169735254	1
2	88	5.475651762355	1
2	96	5.75117600569	1
2	107	6.239679218887	1
2	121	6.758758869219	1
2	132	7.00132295108	1
2	145	7.289082549521	1
2	150	7.489082549521	1
2	165	8.577424330108	1
2	170	8.777424330108	1
2	186	10.264072804619	1
2	194	10.464072804619	1
2	202	10.665051927514	1
2	213	10.989775101639	1
2	224	11.774223160451	1
2	235	12.610328760613	1
2	246	12.986665817269	1
2	257	13.31360710088	1
2	271	13.73332352733	1
2	279	13.982759531838	1
2	290	15.281886574762	1
2	310	16.186071206899	1
2	319	16.386071206899	1
2	324	16.586071206899	1
2	334	16.786071206899	1
2	347	16.996589649969	1
2	354	17.196589649969	1
2	359	17.396589649969	1
2	370	18.130170344516	1
2	381	19.705255308854	1
2	396	20.458147438173	1
2	401	20.658147438173	1
2	412	21.553919993976	1
2	423	22.574366101932	1
2	434	24.496977036503	1
2	445	24.817831622842	1
2	456	25.620451401373	1
2	467	26.427452438819	1
2	478	26.736917168632	1
2	489	27.104399379227	1
2	500	27.862667366222	1
2	515	28.430636837077	1
2	520	28.630636837077	1
2	531	29.131187892908	1
2	542	29.641903830083	1
2	557	30.078064427604	1
2	565	30.278064427604	1
2	573	30.540846597088	1
2	584	31.988056836082	1
2	595	32.698739176129	1
2	610	33.067652822007	1
2	620	33.267652822007	1
2	628	33.467652822007	1
2	644	33.712256113453	1
2	651	33.912256113453	1
2	656	34.112256113453	1
2	667	34.71312534342	1
2	678	35.380770435732	1
2	694	35.685311647324	1
2	699	35.885311647324	1
2	720	36.227503245498	1
2	727	36.427503245498	1
2	732	36.627503245498	1
2	744	36.827503245498	1
2	751	37.027503245498	1
2	756	37.227503245498	1
2	772	37.540769001926	1
2	777	37.740769001926	1
2	791	38.146263956647	1
2	799	38.390542481301	1
2	810	39.82949999194	1
2	821	40.993956679047	1
2	835	41.566526156397	1
2	846	41.865399194806	1
2	854	42.088158442332	1
2	868	42.56290573408	1
2	876	42.850171937451	1
2	887	44.013347468298	1
2	906	44.611401368027	1
2	911	44.811401368027	1
2	916	45.011401368027	1
2	927	46.444846468375	1
2	938	46.99430270215	1
2	949	47.523719767894	1
2	967	48.079018490738	1
2	977	48.279018490738	1
2	988	48.479018490738	1
2	993	48.679018490738	1
2	998	48.879018490738	1
2	1014	49.276072580208	1
2	1019	49.476072580208	1
2	1033	49.933584342235	1
2	1046	50.159635372347	1
2	1051	50.359635372347	1
2	1066	50.778405547763	1
2	1076	50.978405547763	1
2	1081	51.178405547763	1
2	1092	51.589594783956	1
2	1103	53.816843207044	1
2	1118	55.413316528071	1
2	1123	55.613316528071	1
2	1139	55.996047288825	1
2	1144	56.196047288825	1
2	1159	56.617207670923	1
2	1164	56.817207670923	1
2	1175	59.385214618758	1
2	1186	59.914585976305	1
2	1202	60.350543903118	1
2	1210	60.550543903118	1
2	1218	60.764116508294	1
2	1229	61.07808729879	1
2	1245	61.399977799591	1
2	1250	61.599977799591	1
2	1268	62.028548340865	1
2	1279	62.228548340865	1
2	1284	62.428548340865	1
2	1289	62.628548340865	1
2	1300	62.941424539562	1
2	1318	63.475460638137	1
2	1325	63.675460638137	1
2	1330	63.875460638137	1
2	1346	64.493912361086	1
2	1351	64.693912361086	1
2	1365	66.096947605266	1
2	1373	66.326954584136	1
2	1384	66.870089274575	1
2	1403	67.730255103433	1
2	1408	67.930255103433	1
2	1418	68.130255103433	1
2	1423	68.330255103433	1
2	1434	69.18562026013	1
2	1449	69.745527443007	1
2	1454	69.945527443007	1
2	1465	71.582839016833	1
2	1476	73.457354746625	1
2	1487	74.510015397021	1
2	1498	74.826183695219	1
2	1509	75.182475491886	1
2	1524	77.063439134138	1
2	1532	77.263439134138	1
2	1543	77.556341845801	1
2	1551	77.856315289122	1
2	1570	78.528437925198	1
2	1583	78.728437925198	1
2	1590	78.928437925198	1
2	1595	79.128437925198	1
2	1600	79.328437925198	1
2	1618	80.961950515138	1
2	1628	81.161950515138	1
2	1635	81.361950515138	1
2	1647	81.561950515138	1
2	1654	81.761950515138	1
2	1659	81.961950515138	1
2	1675	82.398730897114	1
2	1680	82.598730897114	1
2	1694	83.652199970046	1
2	1702	83.919642157924	1
2	1721	85.171598049467	1
2	1726	85.371598049467	1
2	1731	85.571598049467	1
2	1742	85.916539237782	1
2	1753	86.332960995815	1
2	1764	86.7510097618	1
2	1780	87.752630023054	1
2	1785	87.952630023054	1
2	1796	88.262461411712	1
2	1807	88.632840886936	1
2	1822	89.875632065424	1
2	1827	90.075632065424	1
2	1838	91.195109473612	1
2	1853	91.624057294149	1
2	1858	91.824057294149	1
2	1874	92.992070499657	1
2	1886	93.192070499657	1
2	1893	93.392070499657	1
2	1898	93.592070499657	1
2	1909	93.901644144848	1
2	1924	94.825307970349	1
2	1929	95.025307970349	1
2	1940	95.416863654219	1
2	1951	96.046830559273	1
2	1967	96.967471795017	1
2	1980	97.167471795017	1
2	1990	97.367471795017	1
2	1997	97.567471795017	1
2	2002	97.767471795017	1
2	2013	98.088397542303	1
2	2032	98.490796242204	1
2	2037	98.690796242204	1
2	2042	98.890796242204	1
2	2058	99.473949133801	1
2	2072	99.704814581823	1
2	2077	99.904814581823	1
2	2085	100.104814581823	1
2	2093	100.35265567617	1
2	2109	100.774197192244	1
2	2114	100.974197192244	1
2	2125	101.539812349389	1
2	2141	102.204191286264	1
2	2146	102.404191286264	1
2	2160	104.011936244239	1
2	2173	104.295888320979	1
2	2178	104.495888320979	1
2	2189	105.14441101188	1
2	2203	105.573607495794	1
2	2211	105.825779399088	1
2	2222	106.274074834481	1
2	2233	107.405941622411	1
2	2244	107.830552028193	1
2	2260	108.339881393202	1
2	2265	108.539881393202	1
2	2276	109.576844838885	1
2	2287	111.102985667327	1
2	2301	111.672789649093	1
2	2312	111.969101662819	1
2	2320	112.267291359984	1
2	2331	113.204021299913	1
2	2342	115.125524591535	1
2	2360	115.726643875158	1
2	2367	115.926643875158	1
2	2372	116.126643875158	1
2	2383	116.693326544758	1
2	2397	117.533787647031	1
2	2408	117.799148895339	1
2	2416	118.051658269216	1
2	2427	118.614299277638	1
2	2443	119.679048975672	1
2	2448	119.879048975672	1
2	2464	120.25802212687	1
2	2469	120.45802212687	1
2	2480	121.513306773065	1
2	2491	123.195491999591	1
2	2502	123.785183466413	1
2	2513	124.229114171631	1
2	2524	124.875068806031	1
2	2535	125.413986248099	1
2	2546	125.761885978549	1
2	2557	126.142819864197	1
2	2573	127.705554043026	1
2	2578	127.905554043026	1
2	2592	128.352981169187	1
2	2603	128.604136568317	1
2	2611	128.879834563384	1
2	2622	129.362061346131	1
2	2633	129.828262786334	1
2	2648	130.150315140495	1
2	2658	130.350315140495	1
2	2668	130.550315140495	1
2	2673	130.750315140495	1
2	2684	131.286554255551	1
2	2700	131.826214354879	1
2	2710	132.026214354879	1
2	2720	132.226214354879	1
2	2725	132.426214354879	1
2	2736	132.8903519047	1
2	2750	133.581841507968	1
2	2758	133.861822043005	1
2	2777	134.91554584548	1
2	2789	135.11554584548	1
2	2796	135.31554584548	1
2	2806	135.51554584548	1
2	2816	135.71554584548	1
2	2821	135.91554584548	1
2	2829	136.11554584548	1
2	2837	136.355502609697	1
2	2848	136.756778602576	1
2	2863	137.183818470398	1
2	2868	137.383818470398	1
2	2879	137.730424872268	1
2	2890	139.466692611909	1
2	2906	139.994617416239	1
2	2914	140.194617416239	1
2	2927	140.470487712874	1
2	2932	140.670487712874	1
2	2947	141.729845456709	1
2	2959	141.929845456709	1
2	2969	142.129845456709	1
2	2976	142.329845456709	1
2	2981	142.529845456709	1
2	2992	144.44137467471	1
2	3008	145.553832003323	1
2	3013	145.753832003323	1
2	3024	146.525063748898	1
2	3035	146.910102178671	1
2	3049	147.51861192634	1
2	3065	147.815648675502	1
2	3070	148.015648675502	1
2	3075	148.215648675502	1
2	3089	149.180536980158	1
2	3097	149.39770980813	1
2	3108	150.024013570586	1
2	3119	150.340744879447	1
2	3130	153.723440139416	1
2	3145	154.643306531955	1
2	3150	154.843306531955	1
2	3161	155.899330220186	1
2	3180	156.912284628738	1
2	3188	157.112284628738	1
2	3195	157.312284628738	1
2	3200	157.512284628738	1
2	3219	157.853031048326	1
2	3224	158.053031048326	1
2	3229	158.253031048326	1
2	3240	158.765303931879	1
2	3251	159.707268375172	1
2	3262	160.708261622935	1
2	3276	161.531621173598	1
2	3284	161.796622612666	1
2	3299	162.217563093532	1
2	3313	162.417563093532	1
2	3322	162.617563093532	1
2	3327	162.817563093532	1
2	3332	163.017563093532	1
2	3343	164.632048118007	1
2	3357	165.229767401148	1
2	3365	165.463403684353	1
2	3379	165.765553220277	1
2	3387	166.037981784349	1
2	3402	166.678148886255	1
2	3407	166.878148886255	1
2	3421	167.710491530449	1
2	3429	167.937947452845	1
2	3444	169.792927748797	1
2	3449	169.992927748797	1
2	3467	170.769600250539	1
2	3474	170.969600250539	1
2	3479	171.169600250539	1
2	3493	171.630553562075	1
2	3501	171.853679972335	1
2	3512	173.295985848386	1
2	3523	173.950635030397	1
2	3538	174.643780706408	1
2	3548	174.843780706408	1
2	3556	175.043780706408	1
2	3564	175.313300015341	1
2	3582	175.649530273758	1
2	3598	175.849530273758	1
2	3609	176.049530273758	1
2	3616	176.249530273758	1
2	3621	176.449530273758	1
2	3626	176.649530273758	1
2	3636	176.849530273758	1
2	3644	177.049530273758	1
2	3657	177.298551363171	1
2	3662	177.498551363171	1
2	3676	178.463319745964	1
2	3684	178.675148296642	1
2	3695	180.117420440845	1
2	3706	181.433529872119	1
2	3717	181.902099230981	1
2	3728	182.511497632653	1
2	3743	182.965479646315	1
2	3748	183.165479646315	1
2	3763	183.747073661772	1
2	3771	183.947073661772	1
2	3779	184.183652217317	1
2	3794	184.669393296364	1
2	3802	184.869393296364	1
2	3810	185.125696567602	1
2	3826	185.726182020873	1
2	3831	185.926182020873	1
2	3842	188.301582500041	1
2	3858	189.662256627997	1
2	3863	189.862256627997	1
2	3874	190.293655384253	1
2	3885	190.861953631882	1
2	3896	191.245493459168	1
2	3907	192.244079442913	1
2	3918	192.689768731368	1
2	3929	193.384607263256	1
2	3940	194.039499948937	1
2	3956	195.708467115864	1
2	3961	195.908467115864	1
2	3975	196.299400390516	1
2	3991	196.553332951859	1
2	4006	196.753332951859	1
2	4018	196.953332951859	1
2	4023	197.153332951859	1
2	4028	197.353332951859	1
2	4033	197.553332951859	1
2	4044	198.587254436138	1
2	4055	199.008743823845	1
2	4066	199.681417540462	1
2	4077	199.982257033724	1
3	10	0.798137252283	0.4002
3	21	1.247417446525	0.4002
3	32	1.875382825549	0.4002
3	43	2.805184931586	0.4002
3	54	3.266796497321	0.4002
3	68	4.242569165263	0.4002
3	76	4.636169735254	0.4002
3	93	5.575651762355	0.4002
3	98	5.85117600569	0.4002
3	109	6.339679218887	0.4002
3	126	6.858758869219	0.4002
3	137	7.10132295108	0.4002
3	147	7.389082549521	0.4002
3	152	7.589082549521	0.423620430431
3	167	8.677424330108	0.4002
3	172	8.877424330108	0.571007665453
3	188	10.364072804619	0.4002
3	199	10.564072804619	0.441021929579
3	207	10.765051927514	0.4002
3	215	11.089775101639	0.4002
3	226	11.874223160451	0.4002
3	240	12.710328760613	0.4002
3	251	13.086665817269	0.4002
3	259	13.41360710088	0.4002
3	276	13.83332352733	0.4002
3	281	14.082759531838	0.4002
3	292	15.381886574762	0.4002
3	314	16.286071206899	0.4002
3	321	16.486071206899	0.563357322267
3	326	16.686071206899	0.557568324146
3	339	16.886071206899	0.711987811084
3	351	17.096589649969	0.4002
3	356	17.296589649969	0.5899872058
3	361	17.496589649969	0.560363137172
3	372	18.230170344516	0.4002
3	383	19.805255308854	0.4002
3	398	20.558147438173	0.4002
3	403	20.758147438173	0.524584573168
3	414	21.653919993976	0.4002
3	425	22.674366101932	0.4002
3	439	24.596977036503	0.4002
3	447	24.917831622842	0.4002
3	458	25.720451401373	0.4002
3	472	26.527452438819	0.4002
3	483	26.836917168632	0.4002
3	491	27.204399379227	0.4002
3	502	27.962667366222	0.4002
3	517	28.530636837077	0.4002
3	522	28.730636837077	0.537262795281
3	533	29.231187892908	0.4002
3	544	29.741903830083	0.4002
3	559	30.178064427604	0.4002
3	570	30.378064427604	0.52283515975
3	575	30.640846597088	0.4002
3	586	32.088056836082	0.4002
3	600	32.798739176129	0.4002
3	615	33.167652822007	0.4002
3	622	33.367652822007	0.544226919684
3	636	33.567652822007	0.47644405957
3	648	33.812256113453	0.4002
3	653	34.012256113453	0.446559823924
3	658	34.212256113453	0.543458182909
3	669	34.81312534342	0.4002
3	683	35.480770435732	0.4002
3	696	35.785311647324	0.4002
3	704	35.985311647324	0.478175754632
3	724	36.327503245498	0.4002
3	729	36.527503245498	0.527560986354
3	737	36.727503245498	0.718076701753
3	748	36.927503245498	0.722191296415
3	753	37.127503245498	0.441500826882
3	761	37.327503245498	0.560432582159
3	774	37.640769001926	0.4002
3	779	37.840769001926	0.474479033963
3	796	38.246263956647	0.4002
3	801	38.490542481301	0.4002
3	812	39.92949999194	0.4002
3	823	41.093956679047	0.4002
3	840	41.666526156397	0.4002
3	851	41.965399194806	0.4002
3	856	42.188158442332	0.4002
3	873	42.66290573408	0.4002
3	878	42.950171937451	0.4002
3	889	44.113347468298	0.4002
3	908	44.711401368027	0.4002
3	913	44.911401368027	0.547919387112
3	918	45.111401368027	0.716861741879
3	929	46.544846468375	0.4002
3	940	47.09430270215	0.4002
3	951	47.623719767894	0.4002
3	971	48.179018490738	0.4002
3	983	48.379018490738	0.506486966991
3	990	48.579018490738	0.58838361395
3	995	48.779018490738	0.56668159964
3	1003	48.979018490738	0.697667255426
3	1016	49.376072580208	0.4002
3	1021	49.576072580208	0.410719017859
3	1038	50.033584342235	0.4002
3	1048	50.259635372347	0.4002
3	1053	50.459635372347	0.403643721348
3	1071	50.878405547763	0.4002
3	1078	51.078405547763	0.580608421793
3	1083	51.278405547763	0.49194626639
3	1094	51.689594783956	0.4002
3	1105	53.916843207044	0.4002
3	1120	55.513316528071	0.4002
3	1128	55.713316528071	0.546382445922
3	1141	56.096047288825	0.4002
3	1146	56.296047288825	0.483049240612
3	1161	56.717207670923	0.4002
3	1166	56.917207670923	0.512243227287
3	1177	59.485214618758	0.4002
3	1188	60.014585976305	0.4002
3	1204	60.450543903118	0.4002
3	1215	60.650543903118	0.454159733366
3	1223	60.864116508294	0.4002
3	1234	61.17808729879	0.4002
3	1247	61.499977799591	0.4002
3	1252	61.699977799591	0.460061495761
3	1274	62.128548340865	0.4002
3	1281	62.328548340865	0.513636271927
3	1286	62.528548340865	0.507385656966
3	1294	62.728548340865	0.64890795207
3	1302	63.041424539562	0.4002
3	1322	63.575460638137	0.4002
3	1327	63.775460638137	0.409422078313
3	1332	63.975460638137	0.535065943687
3	1348	64.593912361086	0.4002
3	1353	64.793912361086	0.490759701746
3	1370	66.196947605266	0.4002
3	1375	66.426954584136	0.4002
3	1386	66.970089274575	0.4002
3	1405	67.830255103433	0.4002
3	1413	68.030255103433	0.593367710785
3	1420	68.230255103433	0.742295270023
3	1425	68.430255103433	0.454744302945
3	1436	69.28562026013	0.4002
3	1451	69.845527443007	0.4002
3	1456	70.045527443007	0.549682612346
3	1467	71.682839016833	0.4002
3	1478	73.557354746625	0.4002
3	1492	74.610015397021	0.4002
3	1503	74.926183695219	0.4002
3	1511	75.282475491886	0.4002
3	1526	77.163439134138	0.4002
3	1537	77.363439134138	0.571536536788
3	1548	77.656341845801	0.4002
3	1553	77.956315289122	0.4002
3	1575	78.628437925198	0.4002
3	1587	78.828437925198	0.590104935927
3	1592	79.028437925198	0.770116786398
3	1597	79.228437925198	0.678677591965
3	1602	79.428437925198	0.712472471483
3	1622	81.061950515138	0.4002
3	1632	81.261950515138	0.536171617344
3	1640	81.461950515138	0.513461886384
3	1651	81.661950515138	0.537873841693
3	1656	81.861950515138	0.410050699511
3	1661	82.061950515138	0.546856381298
3	1677	82.498730897114	0.4002
3	1682	82.698730897114	0.408849525569
3	1699	83.752199970046	0.4002
3	1704	84.019642157924	0.4002
3	1723	85.271598049467	0.4002
3	1728	85.471598049467	0.567051299259
3	1736	85.671598049467	0.644853575218
3	1744	86.016539237782	0.4002
3	1755	86.432960995815	0.4002
3	1766	86.8510097618	0.4002
3	1782	87.852630023054	0.4002
3	1790	88.052630023054	0.445992579951
3	1801	88.362461411712	0.4002
3	1809	88.732840886936	0.4002
3	1824	89.975632065424	0.4002
3	1829	90.175632065424	0.550874845791
3	1840	91.295109473612	0.4002
3	1855	91.724057294149	0.4002
3	1860	91.924057294149	0.55681475883
3	1881	93.092070499657	0.4002
3	1890	93.292070499657	0.437529792235
3	1895	93.492070499657	0.445749685186
3	1903	93.692070499657	0.641049309854
3	1911	94.001644144848	0.4002
3	1926	94.925307970349	0.4002
3	1934	95.125307970349	0.52953464322
3	1942	95.516863654219	0.4002
3	1953	96.146830559273	0.4002
3	1972	97.067471795017	0.4002
3	1984	97.267471795017	0.429372916487
3	1994	97.467471795017	0.475614054606
3	1999	97.667471795017	0.574438835322
3	2007	97.867471795017	0.520838773694
3	2015	98.188397542303	0.4002
3	2034	98.590796242204	0.4002
3	2039	98.790796242204	0.590043770602
3	2044	98.990796242204	0.69991764461
3	2065	99.573949133801	0.4002
3	2074	99.804814581823	0.4002
3	2079	100.004814581823	0.597846729754
3	2090	100.204814581823	0.718675976639
3	2095	100.45265567617	0.4002
3	2111	100.874197192244	0.4002
3	2116	101.074197192244	0.442839169573
3	2127	101.639812349389	0.4002
3	2143	102.304191286264	0.4002
3	2148	102.504191286264	0.430026630882
3	2165	104.111936244239	0.4002
3	2175	104.395888320979	0.4002
3	2180	104.595888320979	0.457189513746
3	2191	105.24441101188	0.4002
3	2208	105.673607495794	0.4002
3	2213	105.925779399088	0.4002
3	2224	106.374074834481	0.4002
3	2235	107.505941622411	0.4002
3	2246	107.930552028193	0.4002
3	2262	108.439881393202	0.4002
3	2267	108.639881393202	0.473990003554
3	2278	109.676844838885	0.4002
3	2289	111.202985667327	0.4002
3	2306	111.772789649093	0.4002
3	2317	112.069101662819	0.4002
3	2322	112.367291359984	0.4002
3	2333	113.304021299913	0.4002
3	2344	115.225524591535	0.4002
3	2364	115.826643875158	0.4002
3	2369	116.026643875158	0.538436676319
3	2374	116.226643875158	0.561926609682
3	2385	116.793326544758	0.4002
3	2402	117.633787647031	0.4002
3	2413	117.899148895339	0.4002
3	2418	118.151658269216	0.4002
3	2429	118.714299277638	0.4002
3	2445	119.779048975672	0.4002
3	2453	119.979048975672	0.456494761965
3	2466	120.35802212687	0.4002
3	2471	120.55802212687	0.412330578797
3	2482	121.613306773065	0.4002
3	2493	123.295491999591	0.4002
3	2504	123.885183466413	0.4002
3	2515	124.329114171631	0.4002
3	2526	124.975068806031	0.4002
3	2540	125.513986248099	0.4002
3	2551	125.861885978549	0.4002
3	2559	126.242819864197	0.4002
3	2575	127.805554043026	0.4002
3	2580	128.005554043026	0.469171379162
3	2597	128.452981169187	0.4002
3	2608	128.704136568317	0.4002
3	2613	128.979834563384	0.4002
3	2624	129.462061346131	0.4002
3	2640	129.928262786334	0.4002
3	2653	130.250315140495	0.4002
3	2663	130.450315140495	0.590510109326
3	2670	130.650315140495	0.472946251511
3	2675	130.850315140495	0.493482643576
3	2686	131.386554255551	0.4002
3	2705	131.926214354879	0.4002
3	2715	132.126214354879	0.430367633709
3	2722	132.326214354879	0.45906782136
3	2727	132.526214354879	0.417249978065
3	2738	132.9903519047	0.4002
3	2755	133.681841507968	0.4002
3	2760	133.961822043005	0.4002
3	2784	135.01554584548	0.4002
3	2793	135.21554584548	0.527413010776
3	2801	135.41554584548	0.673139461529
3	2811	135.61554584548	0.696027395406
3	2818	135.81554584548	0.847566018118
3	2823	136.01554584548	0.625621781823
3	2834	136.21554584548	0.607107774936
3	2839	136.455502609697	0.4002
3	2850	136.856778602576	0.4002
3	2865	137.283818470398	0.4002
3	2873	137.483818470398	0.583098290821
3	2881	137.830424872268	0.4002
3	2892	139.566692611909	0.4002
3	2908	140.094617416239	0.4002
3	2919	140.294617416239	0.406634953925
3	2929	140.570487712874	0.4002
3	2934	140.770487712874	0.475159252511
3	2954	141.829845456709	0.4002
3	2963	142.029845456709	0.524053187373
3	2973	142.229845456709	0.494966745394
3	2978	142.429845456709	0.643806437968
3	2983	142.629845456709	0.557575662254
3	2994	144.54137467471	0.4002
3	3010	145.653832003323	0.4002
3	3015	145.853832003323	0.449417043388
3	3029	146.625063748898	0.4002
3	3037	147.010102178671	0.4002
3	3056	147.61861192634	0.4002
3	3067	147.915648675502	0.4002
3	3072	148.115648675502	0.547393678186
3	3077	148.315648675502	0.694952760386
3	3094	149.280536980158	0.4002
3	3099	149.49770980813	0.4002
3	3113	150.124013570586	0.4002
3	3121	150.440744879447	0.4002
3	3132	153.823440139416	0.4002
3	3147	154.743306531955	0.4002
3	3152	154.943306531955	0.519264956644
3	3163	155.999330220186	0.4002
3	3182	157.012284628738	0.4002
3	3192	157.212284628738	0.581058543558
3	3197	157.412284628738	0.692395755985
3	3205	157.612284628738	0.537436792373
3	3221	157.953031048326	0.4002
3	3226	158.153031048326	0.508930699059
3	3231	158.353031048326	0.642838844252
3	3242	158.865303931879	0.4002
3	3253	159.807268375172	0.4002
3	3264	160.808261622935	0.4002
3	3281	161.631621173598	0.4002
3	3286	161.896622612666	0.4002
3	3308	162.317563093532	0.4002
3	3317	162.517563093532	0.524804494903
3	3324	162.717563093532	0.463369479859
3	3329	162.917563093532	0.646476087083
3	3334	163.117563093532	0.810638394927
3	3345	164.732048118007	0.4002
3	3362	165.329767401148	0.4002
3	3370	165.563403684353	0.4002
3	3384	165.865553220277	0.4002
3	3389	166.137981784349	0.4002
3	3404	166.778148886255	0.4002
3	3409	166.978148886255	0.574243723909
3	3426	167.810491530449	0.4002
3	3431	168.037947452845	0.4002
3	3446	169.892927748797	0.4002
3	3451	170.092927748797	0.591816117004
3	3471	170.869600250539	0.4002
3	3476	171.069600250539	0.469035345417
3	3481	171.269600250539	0.663143729458
3	3498	171.730553562075	0.4002
3	3503	171.953679972335	0.4002
3	3514	173.395985848386	0.4002
3	3525	174.050635030397	0.4002
3	3543	174.743780706408	0.4002
3	3550	174.943780706408	0.50605251239
3	3561	175.143780706408	0.49874624106
3	3571	175.413300015341	0.4002
3	3589	175.749530273758	0.4002
3	3604	175.949530273758	0.572264973556
3	3613	176.149530273758	0.56527551222
3	3618	176.349530273758	0.65370590817
3	3623	176.549530273758	0.75479115444
3	3631	176.749530273758	0.94544341923
3	3638	176.949530273758	1.051683943629
3	3652	177.149530273758	0.462477582576
3	3659	177.398551363171	0.4002
3	3664	177.598551363171	0.473447147428
3	3681	178.563319745964	0.4002
3	3686	178.775148296642	0.4002
3	3697	180.217420440845	0.4002
3	3708	181.533529872119	0.4002
3	3719	182.002099230981	0.4002
3	3730	182.611497632653	0.4002
3	3745	183.065479646315	0.4002
3	3750	183.265479646315	0.584021597677
3	3765	183.847073661772	0.4002
3	3776	184.047073661772	0.510221329224
3	3781	184.283652217317	0.4002
3	3796	184.769393296364	0.4002
3	3807	184.969393296364	0.574358547102
3	3812	185.225696567602	0.4002
3	3828	185.826182020873	0.4002
3	3833	186.026182020873	0.464365964829
3	3844	188.401582500041	0.4002
3	3860	189.762256627997	0.4002
3	3865	189.962256627997	0.444716097515
3	3876	190.393655384253	0.4002
3	3890	190.961953631882	0.4002
3	3898	191.345493459168	0.4002
3	3909	192.344079442913	0.4002
3	3920	192.789768731368	0.4002
3	3931	193.484607263256	0.4002
3	3942	194.139499948937	0.4002
3	3958	195.808467115864	0.4002
3	3966	196.008467115864	0.413256752048
3	3983	196.399400390516	0.4002
3	3998	196.653332951859	0.4002
3	4013	196.853332951859	0.480823563576
3	4020	197.053332951859	0.563061276867
3	4025	197.253332951859	0.637261970311
3	4030	197.453332951859	0.734245946069
3	4035	197.653332951859	0.81081631167
3	4046	198.687254436138	0.4002
3	4057	199.108743823845	0.4002
3	4071	199.781417540462	0.4002

